niche_modeling/PAM_scripts/species_richness.asc
ncols         720
nrows         360
xllcorner     -180.000000000000
yllcorner     -90.000000000000
cellsize      0.5
NODATA_value  -9999
[rows 37 to 73 of 360, columns 82 to 163 of 720]
-9999 -9999 -9999 -9999 -9999 -9999 -9999 -9999 -9999 -9999 -9999 -9999 -9999 -9999 -9999 -9999 -9999 -9999 -9999 -9999 -9999 -9999 -9999 -9999 -9999 -9999 -9999 -9999 -9999 -9999 5 5 4 5 3 4 5 -9999 -9999 -9999 2 2 2 4 3 6 -9999 4 2 2 1 1 3 2 2 1 -9999 1 2 2 -9999 2 1 1 1 -9999 1 -9999 1 -9999 -9999 -9999 -9999 -9999 -9999 -9999 -9999 -9999 -9999 -9999 -9999 -9999
-9999 -9999 -9999 -9999 -9999 -9999 -9999 -9999 -9999 -9999 -9999 -9999 -9999 -9999 -9999 -9999 -9999 -9999 -9999 -9999 -9999 -9999 -9999 -9999 -9999 -9999 -9999 -9999 -9999 -9999 -9999 4 1 -9999 -9999 -9999 -9999 -9999 -9999 -9999 -9999 4 1 2 -9999 2 1 6 1 5 -9999 -9999 -9999 2 1 -9999 -9999 -9999 1 -9999 -9999 2 2 -9999 -9999 2 1 1 1 -9999 -9999 -9999 -9999 -9999 -9999 -9999 -9999 -9999 -9999 -9999 -9999 -9999
1 -9999 -9999 -9999 -9999 -9999 -9999 -9999 -9999 -9999 -9999 -9999 -9999 -9999 -9999 -9999 -9999 -9999 1 -9999 -9999 -9999 5 1 -9999 -9999 -9999 -9999 -9999 -9999 -9999 -9999 -9999 -9999 -9999 -9999 -9999 -9999 -9999 -9999 -9999 -9999 -9999 -9999 1 -9999 2 -9999 2 2 -9999 -9999 -9999 1 3 3 2 1 -9999 1 -9999 -9999 1 -9999 1 1 1 -9999 -9999 -9999 1 1 -9999 -9999 -9999 -9999 -9999 -9999 -9999 -9999 -9999 -9999
2 2 1 -9999 -9999 -9999 -9999 -9999 -9999 -9999 -9999 -9999 -9999 -9999 1 1 4 4 2 2 1 5 8 10 2 -9999 -9999 -9999 8 1 -9999 -9999 3 1 1 -9999 -9999 -9999 -9999 -9999 -9999 -9999 -9999 1 -9999 1 2 -9999 2 -9999 -9999 3 3 3 2 2 1 1 1 -9999 -9999 1 -9999 1 1 -9999 2 3 2 1 2 -9999 1 -9999 -9999 -9999 -9999 -9999 -9999 -9999 -9999 -9999
6 2 2 2 1 1 2 4 7 7 5 1 4 5 4 6 6 9 12 9 8 11 8 8 13 3 -9999 2 10 5 2 3 5 2 5 4 7 2 1 -9999 1 -9999 -9999 -9999 -9999 4 4 4 2 5 2 2 3 3 1 2 -9999 1 -9999 -9999 -9999 -9999 1 4 2 4 3 3 4 2 1 2 -9999 -9999 -9999 -9999 -9999 -9999 -9999 -9999 -9999 1
12 9 8 7 6 4 6 8 11 8 8 9 6 7 7 9 9 7 8 7 5 10 7 3 5 6 4 5 4 1 4 4 4 2 1 -9999 1 -9999 1 1 3 4 3 1 3 1 3 1 1 -9999 -9999 7 6 6 4 4 2 1 2 2 4 3 1 1 -9999 1 -9999 -9999 4 2 -9999 1 -9999 -9999 -9999 -9999 -9999 -9999 -9999 -9999 1 1
12 16 11 16 14 10 6 9 7 11 7 7 4 4 3 4 3 2 2 4 3 3 2 4 2 4 3 5 3 5 4 3 2 6 3 2 2 -9999 -9999 2 1 1 2 -9999 3 3 5 5 5 8 -9999 2 4 2 -9999 -9999 4 2 -9999 -9999 -9999 3 3 3 3 1 4 1 5 -9999 -9999 -9999 -9999 -9999 -9999 1 1 1 1 1 1 1
4 5 9 20 23 23 12 8 8 8 7 2 3 3 4 5 3 4 4 4 3 4 4 2 2 1 1 1 4 4 2 4 1 1 2 -9999 2 -9999 2 2 2 5 7 4 3 3 5 5 1 -9999 -9999 -9999 -9999 -9999 -9999 -9999 -9999 3 1 1 -9999 1 -9999 4 8 5 1 3 5 1 2 2 2 1 1 1 1 2 1 1 1 2
4 4 3 12 11 15 10 7 6 4 5 3 4 3 4 6 3 4 2 3 4 4 2 2 2 2 2 2 2 2 2 3 3 1 3 3 4 4 4 3 3 4 6 7 3 7 5 5 6 4 -9999 -9999 2 5 4 3 3 2 3 8 3 1 1 5 -9999 1 -9999 1 2 2 2 3 2 2 1 2 2 2 1 1 2 1
13 4 -9999 -9999 4 14 11 4 6 4 2 5 3 3 3 4 3 5 4 4 2 2 2 2 2 2 2 2 3 2 2 2 4 5 5 4 2 4 4 5 3 6 5 8 3 7 8 5 3 3 5 1 4 4 3 3 3 3 1 4 4 6 1 4 2 1 -9999 1 1 1 1 1 2 1 1 2 1 1 2 1 1 1
6 5 2 4 5 12 12 4 6 6 3 4 3 3 4 3 3 2 4 9 5 5 5 5 3 3 2 2 2 3 2 2 6 2 2 2 2 2 3 2 3 5 4 3 3 5 4 6 4 3 4 5 4 2 4 4 2 -9999 -9999 -9999 3 -9999 -9999 1 3 2 1 2 1 1 1 1 4 1 1 1 1 1 1 1 1 1
12 7 4 5 6 9 11 5 4 3 3 3 4 4 3 4 3 3 3 4 7 6 4 8 3 2 2 2 3 3 2 2 2 3 2 2 2 2 2 3 2 3 6 3 2 3 2 4 2 4 3 3 3 3 1 4 3 3 -9999 -9999 2 1 1 2 3 1 1 3 2 1 2 1 1 1 1 1 1 1 1 1 1 1
15 11 14 16 13 12 9 4 2 5 6 6 8 4 2 5 5 1 2 2 5 2 6 10 10 8 2 5 3 2 2 2 2 2 3 2 4 2 3 2 3 4 4 4 2 2 3 2 2 2 3 2 3 4 1 -9999 1 1 1 2 2 1 1 1 2 3 2 1 1 1 1 1 1 1 1 1 1 1 1 2 1 1
14 17 17 17 21 20 18 14 18 10 9 12 8 7 13 7 11 8 6 10 5 3 4 8 6 9 9 9 7 5 2 3 2 2 3 2 2 4 3 2 3 4 2 4 3 2 2 3 3 2 2 3 3 2 2 3 3 3 5 4 2 2 2 3 2 3 1 1 2 2 4 3 3 3 1 1 1 1 1 1 1 1
14 15 17 20 21 16 11 12 14 13 13 14 11 10 7 8 10 9 9 5 6 3 8 5 5 4 4 7 9 4 2 3 2 3 5 3 2 2 2 3 2 2 4 2 3 2 3 2 3 3 3 2 2 4 4 4 4 3 4 4 3 3 5 4 3 4 4 4 4 4 3 3 2 1 3 2 1 2 1 1 1 2
14 12 12 18 12 19 16 15 10 12 11 11 9 9 13 9 7 6 9 7 3 9 8 8 9 9 5 6 5 7 7 2 3 2 3 3 2 3 2 2 3 2 2 3 4 3 3 2 2 3 3 3 3 3 3 3 4 3 4 4 3 4 3 4 5 4 3 3 4 4 3 3 3 1 1 2 1 1 1 1 2 1
17 19 14 16 15 16 14 14 12 16 14 16 12 10 8 6 8 9 7 6 7 6 4 4 5 9 7 5 3 3 5 7 3 2 3 2 2 2 2 2 3 4 2 3 2 3 3 3 3 3 3 3 3 3 3 3 3 3 4 3 4 4 3 4 4 4 4 3 4 4 3 3 3 3 3 3 3 3 3 3 3 3
21 20 20 18 18 14 16 17 11 11 18 16 12 11 10 7 6 7 7 5 6 4 6 5 6 9 9 8 5 4 7 10 5 2 4 2 2 2 2 2 2 2 3 2 2 6 4 2 3 3 4 3 3 3 3 3 4 3 3 3 3 3 3 3 3 4 3 3 4 3 3 3 3 3 3 3 3 3 3 3 3 4
19 21 24 22 19 20 13 18 20 18 20 25 14 10 11 3 7 7 6 10 10 9 5 6 9 7 7 8 7 6 5 15 5 6 6 2 2 2 2 2 3 2 3 3 3 5 4 3 5 4 5 3 4 3 3 3 5 9 5 5 3 3 3 4 3 3 3 3 3 3 3 3 4 3 5 3 3 3 3 3 3 4
23 24 29 28 18 17 16 16 24 24 25 20 18 16 7 5 6 6 7 8 6 7 8 8 8 7 7 8 8 6 8 10 6 6 7 6 5 7 2 2 5 5 5 4 5 5 4 5 3 2 2 2 4 3 4 2 2 3 4 4 3 3 3 3 3 3 4 3 3 3 3 3 3 3 3 3 3 3 3 3 3 3
26 19 23 26 24 20 30 25 28 27 27 22 20 12 9 8 6 8 4 6 6 5 7 7 7 8 13 7 9 11 7 5 4 4 8 4 8 5 7 5 7 7 6 7 8 2 3 2 2 2 3 5 6 5 3 2 3 3 4 3 2 2 2 2 2 2 2 2 2 3 3 3 3 4 3 3 3 3 3 3 3 3
22 25 28 28 27 29 33 27 27 28 26 24 19 14 7 7 10 8 7 2 6 5 5 4 5 6 5 5 7 8 9 10 4 2 3 5 2 4 3 5 3 7 8 5 7 3 3 4 2 5 4 6 6 6 6 2 3 3 3 2 2 2 2 2 2 2 2 2 2 3 2 2 2 2 2 2 2 3 2 2 2 3
5 22 22 22 23 22 30 32 33 30 28 24 20 15 11 9 11 6 6 5 5 4 5 4 6 5 6 6 7 9 11 8 3 2 2 2 3 4 4 3 3 2 3 3 5 6 3 7 4 4 6 5 6 7 7 6 4 3 3 2 2 2 2 2 2 2 2 2 2 2 2 2 2 3 2 2 2 2 2 2 2 2
13 18 24 21 23 29 27 26 30 32 30 30 24 11 13 16 13 8 4 2 3 3 3 6 4 4 5 6 5 6 8 4 4 4 4 2 5 4 4 2 2 3 2 6 6 3 3 3 4 4 5 6 6 8 6 8 3 4 2 4 5 2 2 2 2 2 2 2 2 2 2 2 2 3 2 2 2 2 2 2 2 2
12 14 17 23 20 15 26 17 22 25 18 20 21 13 11 17 9 16 12 5 5 5 6 9 8 9 13 13 9 4 3 4 3 3 4 3 2 2 3 2 3 3 4 2 3 3 3 3 4 3 3 4 3 4 4 5 2 3 1 2 7 3 3 1 1 1 1 1 1 2 2 3 2 2 2 2 2 3 2 2 2 2
1 5 9 14 13 10 19 9 17 9 22 20 26 17 14 16 15 19 14 12 18 12 10 12 10 11 16 16 13 10 8 6 5 3 2 2 2 3 2 2 2 2 2 5 3 2 3 5 4 3 3 7 6 5 9 6 3 2 2 5 1 1 1 1 1 1 1 2 1 1 2 2 2 3 2 2 2 2 2 2 3 2
-9999 -9999 1 4 5 11 9 8 11 6 12 20 17 24 19 22 20 22 13 17 16 17 15 18 18 17 14 20 20 12 11 10 5 4 3 4 3 3 3 3 3 3 4 3 5 5 5 6 3 5 5 4 7 9 8 6 6 4 2 2 2 1 1 1 1 1 1 1 1 1 1 2 3 2 2 2 2 2 2 2 2 2
-9999 -9999 -9999 -9999 -9999 3 11 8 9 5 6 11 12 18 23 26 26 26 22 23 19 18 20 22 17 17 22 20 19 19 16 10 8 9 5 4 4 3 3 5 4 5 6 4 6 3 3 4 3 5 4 4 3 3 6 5 4 2 3 2 2 1 1 1 1 1 1 1 1 1 1 1 1 1 1 2 1 2 2 2 2 2
-9999 -9999 -9999 -9999 -9999 -9999 10 6 9 8 5 10 14 13 21 22 24 21 22 21 18 25 23 18 23 19 18 22 16 20 19 15 6 6 3 5 4 6 5 3 6 5 3 4 4 4 4 3 3 2 2 2 3 4 5 6 2 3 2 2 2 2 2 1 2 1 1 1 1 1 1 1 1 1 1 1 1 1 1 1 1 1
-9999 -9999 -9999 -9999 -9999 -9999 1 2 11 5 8 7 8 4 16 12 16 19 22 17 19 16 14 21 26 23 25 19 20 16 19 17 13 8 6 7 6 5 5 5 5 3 3 8 3 4 3 4 4 3 2 2 3 4 6 5 2 2 4 2 2 3 2 1 1 1 1 1 1 1 1 1 1 1 1 1 1 1 1 2 1 1
-9999 -9999 -9999 -9999 -9999 -9999 -9999 -9999 4 6 6 5 3 5 8 11 16 14 18 20 15 19 16 14 15 15 17 13 14 14 15 15 10 6 11 11 12 8 6 4 4 5 5 4 4 4 3 4 3 2 2 3 3 5 2 3 4 3 3 2 2 3 2 2 2 2 2 1 1 1 1 1 1 1 1 1 1 1 3 1 1 1
-9999 -9999 -9999 -9999 -9999 -9999 -9999 -9999 -9999 -9999 2 6 7 6 6 5 9 14 11 10 11 17 14 15 12 9 13 9 15 11 6 16 15 6 14 18 14 11 12 4 10 10 5 4 4 3 5 3 4 2 5 3 4 3 3 2 3 3 4 2 2 5 2 2 2 2 3 2 2 1 1 1 1 1 1 1 1 1 1 1 2 1
-9999 -9999 -9999 -9999 -9999 -9999 -9999 -9999 -9999 -9999 1 2 9 9 3 6 5 10 11 13 18 23 16 16 13 6 10 9 8 6 7 9 8 10 8 14 9 9 8 6 7 9 7 6 5 5 5 4 9 6 4 5 4 4 2 3 2 4 2 4 5 6 4 4 2 3 3 3 2 3 2 2 3 2 3 2 2 2 2 2 2 1
-9999 -9999 -9999 -9999 -9999 -9999 -9999 -9999 -9999 -9999 -9999 -9999 6 7 4 1 7 10 13 13 16 22 13 15 14 15 12 9 6 3 4 4 7 11 8 10 8 6 11 15 7 7 8 5 6 6 5 4 4 4 7 10 9 9 7 5 4 4 4 3 4 5 4 3 2 2 2 2 2 2 2 2 3 3 3 2 2 2 2 2 2 3
-9999 -9999 -9999 -9999 -9999 -9999 -9999 -9999 -9999 -9999 -9999 -9999 4 4 4 2 3 6 18 13 15 23 18 20 19 15 10 17 12 7 2 -9999 4 9 13 13 13 13 11 15 9 7 4 4 5 4 3 2 5 5 8 10 9 10 10 9 4 6 6 7 5 5 6 4 3 4 2 2 2 2 2 2 2 3 5 5 3 5 3 2 2 2
-9999 -9999 -9999 -9999 -9999 -9999 -9999 -9999 -9999 -9999 -9999 -9999 9 12 11 2 1 7 10 15 14 20 18 14 18 16 12 19 12 12 8 3 7 9 7 11 15 19 22 23 24 15 10 4 11 5 9 10 9 9 7 7 5 7 9 10 9 8 8 8 7 5 6 4 4 2 2 2 2 2 2 3 6 8 4 6 4 5 5 3 2 2
-9999 -9999 -9999 -9999 -9999 -9999 -9999 -9999 -9999 -9999 -9999 -9999 2 9 10 3 -9999 -9999 9 10 10 13 13 18 16 15 14 15 18 12 10 8 5 8 9 10 15 16 23 32 27 29 28 21 6 8 8 10 9 8 9 11 7 7 6 6 6 6 7 4 5 6 4 4 6 5 7 3 3 6 7 5 5 7 4 3 6 4 8 5 2 2
