niche_modeling/PAM_scripts/species_richness.asc
ncols         720
nrows         360
xllcorner     -180.000000000000
yllcorner     -90.000000000000
cellsize      0.5
NODATA_value  -9999
[rows 111 to 147 of 360, columns 410 to 491 of 720]
-9999 -9999 -9999 -9999 -9999 -9999 -9999 -9999 -9999 -9999 -9999 -9999 -9999 -9999 -9999 1 1 -9999 -9999 -9999 6 42 57 53 28 12 10 8 6 8 5 4 8 5 6 4 2 8 10 12 8 13 12 10 19 16 24 29 32 29 32 31 31 38 41 38 29 29 22 15 12 11 12 13 13 11 10 10 8 11 9 11 11 11 15 16 17 16 24 27 25 37
-9999 -9999 -9999 -9999 -9999 -9999 -9999 -9999 -9999 -9999 -9999 -9999 -9999 -9999 -9999 -9999 -9999 -9999 -9999 -9999 22 65 67 47 18 12 10 7 5 4 4 4 4 5 3 6 5 6 7 8 8 11 9 11 16 15 15 20 31 25 29 32 35 33 35 42 38 41 42 29 13 12 12 14 12 11 11 10 10 13 9 9 8 11 11 11 13 17 22 21 23 26
-9999 -9999 -9999 -9999 -9999 -9999 -9999 -9999 -9999 -9999 -9999 -9999 -9999 -9999 -9999 -9999 -9999 -9999 -9999 6 47 81 64 31 17 10 10 7 5 5 6 6 4 3 3 3 5 9 8 10 5 8 10 10 14 14 18 15 17 21 27 32 29 31 33 37 43 65 68 68 20 12 11 11 10 9 9 10 11 10 7 7 8 8 8 8 7 15 18 12 10 14
-9999 -9999 -9999 -9999 -9999 -9999 -9999 -9999 -9999 -9999 -9999 -9999 -9999 -9999 -9999 -9999 -9999 -9999 -9999 9 75 100 53 37 19 11 9 6 5 5 4 4 4 3 3 3 4 11 10 8 3 5 5 7 10 13 13 13 18 22 23 27 23 23 25 26 38 67 68 70 25 12 10 11 11 10 10 11 12 8 4 7 7 3 7 7 5 9 14 7 10 12
-9999 -9999 -9999 -9999 -9999 -9999 -9999 -9999 -9999 -9999 -9999 -9999 -9999 -9999 -9999 -9999 -9999 -9999 2 22 96 100 66 39 18 13 8 6 7 7 6 3 5 5 3 3 3 2 4 3 3 2 1 2 4 7 6 8 11 16 22 26 19 21 26 26 22 47 57 56 17 13 11 10 9 10 8 10 10 8 6 6 2 2 2 4 4 5 6 9 9 11
3 -9999 -9999 -9999 -9999 -9999 -9999 -9999 -9999 -9999 -9999 -9999 -9999 -9999 -9999 -9999 -9999 -9999 19 54 107 86 52 25 16 9 9 8 7 6 6 3 3 3 3 1 1 1 2 2 3 1 1 -9999 -9999 -9999 4 4 6 12 21 25 28 33 28 25 26 26 29 22 16 15 12 13 10 8 8 8 8 8 6 3 2 1 1 1 2 3 4 9 10 9
1 2 5 2 1 -9999 -9999 -9999 -9999 -9999 3 2 3 2 1 2 4 5 34 75 94 72 47 21 12 11 6 7 6 5 4 2 1 -9999 -9999 -9999 -9999 -9999 1 2 2 1 1 2 1 -9999 1 1 4 7 8 19 28 32 31 29 28 22 20 19 16 17 14 13 13 8 6 7 7 8 7 3 2 2 2 3 3 3 4 6 7 7
-9999 1 -9999 -9999 -9999 2 4 6 -9999 5 9 3 2 2 7 6 16 17 34 58 66 50 39 16 9 5 8 6 8 4 -9999 -9999 1 1 1 1 1 1 2 3 2 3 -9999 -9999 1 1 2 -9999 2 6 9 18 25 31 33 32 25 19 16 11 12 15 14 14 13 10 6 6 5 8 7 4 2 2 3 3 2 2 4 3 3 2
-9999 1 1 2 7 8 9 4 4 3 11 11 5 7 5 7 11 16 25 47 45 41 29 11 8 7 6 6 3 2 1 1 1 1 1 1 2 1 2 2 2 1 1 3 3 4 3 1 2 3 3 7 12 23 26 27 24 20 11 10 13 14 15 19 17 16 7 6 5 7 8 6 4 2 2 2 2 2 2 2 2 2
1 -9999 1 4 4 3 2 3 3 3 4 4 10 12 9 11 20 19 24 37 39 31 16 4 3 3 4 3 2 2 1 2 1 1 1 1 1 1 1 1 -9999 -9999 1 2 4 4 2 1 -9999 -9999 -9999 1 7 14 19 24 23 18 12 10 12 12 15 14 14 18 11 9 6 6 7 7 6 3 1 1 1 1 1 2 2 4
-9999 -9999 2 2 1 2 3 2 2 2 2 5 3 9 12 7 17 16 25 24 20 15 7 1 1 4 2 2 2 1 1 1 1 -9999 -9999 -9999 -9999 -9999 -9999 -9999 -9999 -9999 1 1 3 3 1 -9999 -9999 -9999 -9999 1 10 13 19 18 17 13 11 10 13 15 18 20 20 15 10 9 6 6 6 6 3 2 -9999 -9999 -9999 -9999 1 2 3 5
-9999 -9999 -9999 1 1 1 3 2 2 2 2 2 4 5 6 6 2 18 15 11 18 8 1 -9999 -9999 -9999 -9999 1 -9999 -9999 -9999 -9999 -9999 -9999 -9999 -9999 -9999 -9999 -9999 -9999 -9999 -9999 1 1 1 2 5 1 -9999 -9999 -9999 -9999 7 8 13 10 9 8 9 9 11 14 14 15 14 13 10 7 5 5 6 5 4 2 1 -9999 -9999 -9999 2 2 2 5
1 1 1 1 2 2 2 2 3 2 1 6 4 5 7 5 3 5 11 10 9 10 6 3 2 2 -9999 -9999 -9999 -9999 -9999 -9999 -9999 -9999 -9999 -9999 -9999 -9999 -9999 -9999 -9999 -9999 1 -9999 -9999 1 4 3 -9999 -9999 -9999 -9999 3 8 8 6 7 5 3 7 10 11 10 12 8 4 6 5 4 6 6 6 5 2 1 -9999 -9999 -9999 -9999 1 3 2
1 1 1 1 2 2 2 3 3 2 4 5 5 4 6 5 2 -9999 3 1 2 6 7 7 7 6 3 1 -9999 -9999 -9999 -9999 -9999 -9999 1 -9999 -9999 -9999 -9999 -9999 -9999 -9999 -9999 -9999 -9999 -9999 -9999 2 -9999 -9999 -9999 -9999 -9999 5 5 8 7 6 5 4 6 6 14 10 9 4 4 4 4 5 6 6 4 3 2 1 1 1 2 2 3 3
1 1 1 1 1 2 2 2 3 8 8 9 5 4 4 3 1 -9999 -9999 -9999 -9999 2 6 5 7 5 3 2 1 -9999 -9999 -9999 -9999 2 1 -9999 1 -9999 -9999 -9999 -9999 -9999 -9999 -9999 -9999 -9999 1 2 2 1 1 -9999 -9999 -9999 -9999 2 9 8 8 6 8 7 11 9 7 8 6 3 4 6 5 4 3 2 1 2 2 2 2 2 2 2
1 1 1 1 1 2 3 2 2 8 8 8 4 3 1 3 2 -9999 -9999 -9999 -9999 1 3 10 8 6 5 2 3 1 1 1 1 4 2 1 1 -9999 -9999 -9999 -9999 -9999 -9999 -9999 -9999 -9999 -9999 2 -9999 4 1 1 -9999 -9999 -9999 -9999 -9999 4 5 7 8 8 6 6 6 8 6 6 4 4 5 3 3 2 2 3 3 2 2 3 2 2
1 1 1 1 1 1 1 1 1 9 8 9 2 1 -9999 2 3 1 -9999 -9999 -9999 -9999 -9999 5 6 8 10 6 2 2 2 2 -9999 1 -9999 3 1 1 1 -9999 -9999 -9999 -9999 -9999 -9999 -9999 -9999 1 -9999 1 4 -9999 -9999 -9999 -9999 -9999 -9999 -9999 1 -9999 -9999 1 4 6 2 7 7 7 6 5 4 2 3 1 1 2 2 2 1 3 2 1
1 1 1 1 1 1 1 2 -9999 1 1 2 1 -9999 -9999 1 1 2 -9999 -9999 -9999 -9999 -9999 1 8 7 5 5 2 2 3 1 1 -9999 1 -9999 -9999 -9999 1 -9999 -9999 -9999 -9999 -9999 -9999 -9999 -9999 -9999 -9999 -9999 -9999 -9999 2 2 -9999 -9999 -9999 -9999 -9999 -9999 -9999 5 9 7 -9999 4 2 4 4 3 5 3 2 2 1 1 -9999 1 1 3 -9999 3
1 1 -9999 -9999 -9999 -9999 -9999 -9999 1 2 1 1 1 1 -9999 -9999 -9999 2 2 -9999 -9999 -9999 -9999 -9999 3 8 6 5 2 1 2 1 -9999 -9999 -9999 1 -9999 -9999 -9999 -9999 -9999 -9999 -9999 -9999 -9999 -9999 -9999 -9999 -9999 2 -9999 1 -9999 2 -9999 -9999 -9999 -9999 -9999 -9999 2 7 9 5 -9999 -9999 -9999 -9999 1 1 2 2 2 1 -9999 -9999 -9999 -9999 1 1 -9999 -9999
-9999 -9999 -9999 -9999 -9999 -9999 -9999 -9999 -9999 -9999 -9999 1 2 1 -9999 -9999 2 2 2 -9999 -9999 -9999 -9999 -9999 1 5 3 4 2 -9999 -9999 -9999 -9999 1 1 -9999 -9999 -9999 -9999 -9999 -9999 -9999 -9999 -9999 -9999 -9999 -9999 -9999 -9999 -9999 -9999 -9999 -9999 1 -9999 -9999 -9999 -9999 2 3 4 3 9 6 3 -9999 -9999 -9999 -9999 -9999 -9999 -9999 -9999 -9999 -9999 -9999 -9999 -9999 -9999 -9999 -9999 -9999
-9999 -9999 -9999 -9999 -9999 -9999 -9999 -9999 -9999 -9999 -9999 1 1 1 1 -9999 2 2 1 -9999 -9999 -9999 -9999 -9999 -9999 4 5 2 3 2 -9999 -9999 2 1 1 1 1 1 1 2 2 1 -9999 -9999 -9999 -9999 -9999 -9999 -9999 -9999 -9999 -9999 -9999 -9999 -9999 -9999 -9999 -9999 2 -9999 2 2 9 9 4 5 4 3 2 -9999 -9999 -9999 -9999 -9999 -9999 -9999 -9999 -9999 -9999 -9999 -9999 -9999
-9999 -9999 -9999 -9999 -9999 -9999 -9999 -9999 -9999 -9999 -9999 -9999 1 1 1 -9999 -9999 2 1 1 -9999 -9999 -9999 -9999 -9999 -9999 1 3 4 3 1 -9999 -9999 1 -9999 -9999 -9999 -9999 1 1 2 1 -9999 -9999 -9999 -9999 -9999 -9999 -9999 -9999 -9999 -9999 -9999 1 -9999 -9999 -9999 -9999 1 -9999 -9999 3 6 8 7 6 6 3 3 1 -9999 -9999 -9999 -9999 -9999 -9999 -9999 -9999 -9999 -9999 -9999 -9999
-9999 -9999 -9999 -9999 -9999 -9999 -9999 -9999 -9999 -9999 -9999 -9999 1 1 1 1 2 -9999 -9999 1 1 -9999 -9999 -9999 -9999 -9999 -9999 -9999 4 2 1 2 -9999 1 -9999 -9999 -9999 1 1 -9999 1 -9999 -9999 -9999 -9999 -9999 -9999 -9999 -9999 -9999 -9999 -9999 -9999 -9999 1 -9999 -9999 1 -9999 -9999 -9999 1 4 9 9 9 6 5 3 3 1 -9999 -9999 -9999 -9999 -9999 -9999 -9999 -9999 -9999 -9999 -9999
-9999 -9999 -9999 -9999 -9999 -9999 -9999 -9999 -9999 -9999 -9999 -9999 -9999 1 1 1 -9999 -9999 1 -9999 1 -9999 -9999 -9999 -9999 -9999 -9999 -9999 2 4 4 1 1 -9999 -9999 -9999 -9999 -9999 -9999 -9999 -9999 1 -9999 -9999 -9999 -9999 -9999 -9999 -9999 -9999 -9999 -9999 -9999 -9999 -9999 -9999 -9999 -9999 1 -9999 -9999 3 4 6 8 11 9 8 5 3 1 -9999 -9999 -9999 -9999 -9999 -9999 -9999 -9999 -9999 -9999 -9999
-9999 -9999 -9999 -9999 -9999 -9999 -9999 -9999 -9999 -9999 -9999 -9999 -9999 1 1 3 1 -9999 -9999 -9999 -9999 -9999 -9999 -9999 -9999 -9999 -9999 -9999 1 4 7 2 1 1 -9999 -9999 -9999 -9999 -9999 1 1 -9999 -9999 -9999 -9999 -9999 -9999 -9999 -9999 -9999 -9999 -9999 -9999 -9999 -9999 -9999 -9999 -9999 1 1 1 4 4 4 4 5 7 6 6 2 1 -9999 -9999 -9999 -9999 -9999 -9999 -9999 -9999 -9999 -9999 -9999
-9999 -9999 -9999 -9999 -9999 -9999 -9999 -9999 -9999 -9999 -9999 -9999 -9999 -9999 1 1 1 1 -9999 -9999 1 1 -9999 2 -9999 -9999 -9999 -9999 1 4 3 3 3 3 2 1 -9999 -9999 -9999 -9999 -9999 -9999 -9999 -9999 -9999 -9999 -9999 -9999 -9999 -9999 -9999 -9999 -9999 -9999 -9999 -9999 -9999 -9999 -9999 2 1 4 3 3 5 4 5 4 2 2 -9999 -9999 -9999 -9999 -9999 -9999 -9999 -9999 -9999 -9999 -9999 -9999
-9999 -9999 -9999 -9999 -9999 -9999 -9999 -9999 -9999 -9999 -9999 -9999 -9999 -9999 1 1 1 1 -9999 -9999 1 -9999 -9999 2 -9999 -9999 -9999 -9999 -9999 2 1 4 3 2 5 2 1 -9999 1 -9999 -9999 -9999 -9999 -9999 -9999 -9999 -9999 -9999 -9999 -9999 -9999 -9999 -9999 -9999 -9999 -9999 -9999 -9999 2 2 2 2 3 2 4 5 4 3 2 -9999 -9999 -9999 -9999 -9999 -9999 -9999 -9999 -9999 -9999 -9999 -9999 -9999
-9999 -9999 -9999 -9999 -9999 -9999 -9999 -9999 -9999 -9999 -9999 -9999 -9999 -9999 -9999 1 2 1 -9999 -9999 1 -9999 1 1 -9999 -9999 -9999 -9999 1 2 3 4 2 2 3 3 1 1 -9999 -9999 -9999 -9999 -9999 -9999 -9999 -9999 -9999 -9999 -9999 -9999 -9999 -9999 -9999 -9999 -9999 -9999 -9999 1 2 2 1 2 3 3 3 2 4 3 1 -9999 -9999 -9999 -9999 -9999 -9999 -9999 -9999 -9999 -9999 -9999 -9999 -9999
-9999 -9999 -9999 -9999 -9999 -9999 -9999 -9999 -9999 -9999 -9999 -9999 -9999 -9999 -9999 -9999 -9999 -9999 -9999 -9999 1 1 1 1 -9999 -9999 -9999 -9999 -9999 -9999 1 3 4 3 4 3 1 1 1 -9999 1 -9999 -9999 -9999 -9999 -9999 -9999 -9999 -9999 -9999 -9999 -9999 -9999 -9999 -9999 -9999 1 1 1 1 2 2 3 2 3 4 2 1 -9999 -9999 -9999 -9999 -9999 -9999 -9999 -9999 -9999 -9999 -9999 -9999 -9999 -9999
-9999 -9999 -9999 -9999 -9999 -9999 -9999 -9999 -9999 -9999 -9999 -9999 -9999 -9999 -9999 -9999 -9999 -9999 -9999 -9999 -9999 -9999 1 1 1 -9999 -9999 -9999 -9999 -9999 1 -9999 3 4 4 2 2 1 1 1 1 -9999 -9999 -9999 -9999 -9999 -9999 -9999 -9999 -9999 -9999 -9999 -9999 -9999 -9999 1 1 1 1 2 3 3 3 3 5 4 2 -9999 -9999 -9999 -9999 -9999 -9999 -9999 -9999 -9999 -9999 -9999 -9999 -9999 -9999 -9999
-9999 -9999 -9999 -9999 -9999 -9999 -9999 -9999 -9999 -9999 -9999 -9999 -9999 -9999 -9999 -9999 -9999 -9999 -9999 -9999 1 1 1 3 2 -9999 -9999 -9999 -9999 -9999 -9999 -9999 2 4 6 3 3 1 1 1 1 -9999 -9999 -9999 -9999 -9999 -9999 -9999 -9999 -9999 -9999 -9999 -9999 1 1 1 1 1 3 3 4 3 4 5 5 4 2 -9999 -9999 -9999 -9999 -9999 -9999 -9999 -9999 -9999 -9999 -9999 -9999 -9999 -9999 -9999
-9999 -9999 -9999 -9999 -9999 -9999 -9999 -9999 -9999 -9999 -9999 -9999 -9999 -9999 -9999 -9999 -9999 -9999 -9999 -9999 1 2 1 3 4 1 -9999 -9999 -9999 -9999 -9999 -9999 -9999 2 7 8 5 3 4 1 1 1 -9999 -9999 -9999 -9999 -9999 -9999 -9999 -9999 -9999 1 2 2 2 3 3 3 3 4 3 4 5 5 5 -9999 -9999 -9999 -9999 -9999 -9999 -9999 -9999 -9999 -9999 -9999 -9999 -9999 -9999 -9999 -9999 -9999
-9999 -9999 -9999 -9999 -9999 -9999 -9999 -9999 -9999 -9999 -9999 -9999 -9999 -9999 -9999 1 -9999 -9999 -9999 1 2 3 3 3 2 1 1 1 -9999 -9999 -9999 -9999 -9999 2 4 12 7 3 2 1 1 1 -9999 -9999 -9999 -9999 -9999 1 1 1 2 3 3 3 3 3 4 4 6 5 7 6 5 4 1 -9999 -9999 -9999 -9999 -9999 -9999 -9999 -9999 -9999 -9999 -9999 -9999 -9999 -9999 -9999 -9999 -9999
-9999 -9999 -9999 -9999 -9999 -9999 -9999 -9999 -9999 -9999 -9999 -9999 -9999 -9999 -9999 2 1 -9999 1 2 2 2 3 1 2 1 6 2 1 -9999 -9999 -9999 -9999 -9999 5 11 12 5 2 1 1 1 -9999 -9999 -9999 -9999 -9999 2 2 2 3 3 4 4 4 4 5 5 5 7 9 6 -9999 -9999 -9999 -9999 -9999 -9999 -9999 -9999 -9999 -9999 -9999 -9999 -9999 -9999 -9999 -9999 -9999 -9999 -9999 -9999
-9999 -9999 -9999 -9999 -9999 -9999 -9999 -9999 -9999 -9999 -9999 1 1 1 1 -9999 1 1 1 1 2 2 2 1 2 2 4 4 1 -9999 -9999 -9999 -9999 1 2 6 12 11 4 3 2 2 2 1 1 2 2 2 3 4 4 4 4 4 4 4 5 9 13 14 12 5 -9999 -9999 -9999 -9999 -9999 -9999 -9999 -9999 -9999 -9999 -9999 -9999 -9999 -9999 -9999 -9999 -9999 -9999 -9999 -9999
-9999 -9999 -9999 -9999 -9999 -9999 -9999 -9999 -9999 -9999 1 -9999 1 -9999 -9999 -9999 -9999 1 -9999 -9999 1 1 1 1 3 3 2 7 2 1 1 -9999 -9999 -9999 2 3 5 12 5 6 4 3 4 4 5 5 6 5 4 4 6 5 5 5 6 8 10 10 7 3 2 -9999 -9999 -9999 -9999 -9999 -9999 -9999 -9999 -9999 -9999 -9999 -9999 -9999 -9999 -9999 -9999 -9999 -9999 -9999 -9999 -9999
-9999 -9999 -9999 -9999 -9999 -9999 -9999 -9999 -9999 -9999 -9999 -9999 1 1 2 2 3 2 1 -9999 1 -9999 1 3 2 5 3 9 3 1 1 1 -9999 -9999 -9999 2 7 10 9 7 5 4 4 4 5 5 6 6 7 6 7 6 6 6 9 6 1 -9999 -9999 -9999 -9999 -9999 -9999 -9999 -9999 -9999 -9999 -9999 -9999 -9999 -9999 -9999 -9999 -9999 -9999 -9999 -9999 -9999 -9999 -9999 -9999 -9999
