niche_modeling/PAM_scripts/species_richness.asc
ncols         720
nrows         360
xllcorner     -180.000000000000
yllcorner     -90.000000000000
cellsize      0.5
NODATA_value  -9999
[rows 37 to 73 of 360, columns 410 to 491 of 720]
1 1 1 1 1 1 1 1 1 -9999 -9999 -9999 -9999 -9999 -9999 -9999 -9999 -9999 -9999 -9999 -9999 -9999 -9999 -9999 -9999 -9999 -9999 -9999 -9999 -9999 -9999 -9999 -9999 -9999 -9999 -9999 -9999 -9999 -9999 -9999 -9999 -9999 -9999 -9999 -9999 -9999 -9999 -9999 -9999 -9999 -9999 -9999 -9999 5 3 7 9 12 11 5 6 4 1 -9999 -9999 -9999 -9999 -9999 -9999 -9999 -9999 -9999 -9999 -9999 -9999 -9999 -9999 -9999 -9999 -9999 -9999 -9999
5 4 3 2 4 10 6 7 2 2 1 1 1 -9999 -9999 -9999 -9999 -9999 -9999 -9999 -9999 -9999 -9999 -9999 -9999 -9999 -9999 -9999 -9999 -9999 -9999 -9999 -9999 -9999 -9999 -9999 -9999 -9999 -9999 -9999 -9999 -9999 -9999 -9999 -9999 -9999 -9999 -9999 -9999 -9999 -9999 -9999 -9999 -9999 -9999 1 1 8 6 6 5 5 6 2 1 1 -9999 -9999 -9999 -9999 -9999 -9999 -9999 -9999 -9999 -9999 -9999 -9999 -9999 -9999 -9999 -9999
5 4 10 7 14 16 8 19 17 18 16 6 1 -9999 -9999 -9999 -9999 -9999 -9999 -9999 -9999 -9999 -9999 -9999 -9999 -9999 -9999 -9999 -9999 -9999 -9999 -9999 -9999 -9999 -9999 -9999 -9999 -9999 -9999 -9999 -9999 -9999 -9999 -9999 -9999 -9999 -9999 -9999 -9999 -9999 -9999 -9999 -9999 -9999 -9999 -9999 -9999 -9999 -9999 2 2 2 -9999 2 -9999 -9999 -9999 1 1 -9999 -9999 -9999 -9999 -9999 -9999 -9999 -9999 -9999 -9999 -9999 -9999 -9999
8 10 11 11 12 11 15 18 15 14 5 6 4 2 2 3 1 -9999 -9999 -9999 -9999 -9999 -9999 -9999 -9999 -9999 -9999 -9999 -9999 -9999 -9999 -9999 -9999 -9999 -9999 -9999 -9999 -9999 -9999 -9999 -9999 -9999 -9999 -9999 -9999 -9999 -9999 -9999 -9999 -9999 -9999 -9999 -9999 -9999 -9999 -9999 -9999 -9999 -9999 -9999 -9999 -9999 -9999 -9999 -9999 -9999 -9999 3 5 6 2 1 1 1 2 1 -9999 -9999 -9999 -9999 -9999 -9999
12 12 14 12 9 8 11 12 14 13 16 17 14 13 7 4 2 2 2 2 3 1 -9999 -9999 -9999 -9999 -9999 -9999 -9999 -9999 -9999 -9999 -9999 -9999 -9999 -9999 -9999 -9999 -9999 -9999 -9999 -9999 -9999 -9999 -9999 -9999 1 5 7 3 1 -9999 -9999 -9999 -9999 -9999 -9999 -9999 -9999 -9999 -9999 -9999 -9999 -9999 -9999 -9999 -9999 -9999 -9999 1 3 6 8 7 9 9 9 10 3 1 -9999 -9999
7 7 9 10 11 7 12 10 13 12 11 8 13 9 6 4 5 4 6 7 8 5 8 3 3 2 -9999 -9999 -9999 -9999 -9999 -9999 -9999 -9999 -9999 -9999 -9999 -9999 -9999 -9999 -9999 -9999 -9999 -9999 -9999 -9999 8 8 9 8 1 -9999 -9999 -9999 -9999 -9999 1 1 1 -9999 -9999 -9999 -9999 -9999 -9999 1 1 4 2 -9999 -9999 1 8 5 8 8 6 7 6 8 8 6
4 7 7 8 9 10 10 8 7 9 12 13 6 6 6 8 5 5 6 4 5 5 5 6 7 6 2 2 1 -9999 -9999 -9999 -9999 -9999 -9999 -9999 -9999 3 3 5 6 5 3 -9999 -9999 -9999 -9999 -9999 -9999 -9999 -9999 -9999 1 4 4 7 3 6 -9999 -9999 2 6 5 4 2 3 6 6 2 2 7 5 6 6 3 3 4 1 1 7 7 6
3 5 5 5 7 6 6 6 4 7 5 7 6 8 6 12 8 9 7 7 4 4 6 6 5 5 5 8 7 7 3 5 2 -9999 -9999 -9999 -9999 -9999 11 11 10 5 6 1 -9999 -9999 -9999 -9999 -9999 4 4 5 3 3 5 3 3 4 3 3 4 4 3 5 5 3 2 3 6 5 3 2 3 3 3 2 3 2 2 3 4 10
7 3 2 3 2 4 4 4 4 4 4 4 8 6 4 4 6 7 6 7 5 6 2 5 6 4 5 4 5 6 6 8 5 -9999 -9999 -9999 -9999 1 8 8 5 -9999 -9999 -9999 -9999 -9999 5 5 6 3 3 6 4 4 3 3 2 1 3 2 2 3 1 1 3 2 3 1 1 3 3 1 3 2 2 3 4 4 2 2 3 13
5 5 5 4 5 3 3 3 3 3 4 5 5 5 7 4 5 2 3 7 10 5 5 3 4 5 5 6 7 7 8 6 8 -9999 -9999 -9999 -9999 -9999 -9999 5 6 5 2 2 3 5 4 6 3 2 4 -9999 2 1 4 2 4 1 1 1 2 2 -9999 1 1 2 1 -9999 -9999 2 3 -9999 2 2 5 4 4 3 4 9 14 12
4 6 4 6 4 6 5 4 3 4 3 6 6 8 8 5 6 2 1 -9999 1 4 5 3 6 7 4 5 7 4 4 1 -9999 1 4 3 2 2 1 5 4 5 3 6 5 1 4 4 -9999 1 1 1 1 -9999 2 2 3 3 -9999 2 1 1 1 -9999 -9999 -9999 2 -9999 1 1 -9999 1 2 2 2 2 4 8 8 3 4 5
8 5 3 4 5 6 7 7 9 9 3 8 4 2 7 6 4 6 7 3 -9999 -9999 -9999 -9999 -9999 -9999 2 1 1 -9999 1 6 7 6 7 5 8 6 5 3 4 3 3 3 3 -9999 2 2 1 -9999 -9999 1 1 -9999 2 1 -9999 -9999 -9999 1 2 1 -9999 1 2 -9999 1 -9999 1 1 2 1 -9999 1 3 6 10 4 1 2 4 3
2 9 3 4 3 5 6 6 6 7 4 7 4 3 5 5 3 5 5 2 1 1 1 1 1 1 1 1 1 2 8 8 6 8 5 6 6 7 5 6 4 6 1 4 3 3 1 2 1 2 1 3 2 1 5 2 2 5 1 1 1 2 1 1 3 1 2 1 -9999 6 3 2 5 10 8 2 -9999 -9999 2 3 5 -9999
6 8 7 3 6 4 4 7 5 6 7 4 4 4 3 4 5 6 8 5 1 2 1 1 12 5 4 5 3 1 3 5 6 7 6 6 7 5 5 5 3 6 3 4 2 2 2 2 2 2 2 2 2 2 2 1 1 1 2 1 1 1 1 1 1 1 2 1 7 9 7 11 9 6 2 -9999 -9999 -9999 -9999 1 4 2
10 5 6 8 5 5 7 7 6 6 6 7 4 4 5 5 4 5 9 9 6 6 3 2 4 4 5 6 4 9 8 9 7 8 7 5 8 5 4 3 6 4 4 5 3 2 2 3 2 1 1 2 1 1 1 2 3 1 1 1 1 1 2 1 1 4 3 3 9 8 4 2 -9999 -9999 -9999 -9999 -9999 -9999 -9999 -9999 1 2
6 6 8 7 6 7 7 10 10 6 8 6 4 7 4 4 4 5 6 4 8 7 7 5 4 4 8 4 6 4 5 5 5 9 6 5 4 4 4 5 3 3 3 3 2 3 3 2 1 1 1 1 1 1 2 1 1 2 1 1 1 1 1 4 1 2 -9999 1 8 7 3 -9999 2 3 2 -9999 -9999 -9999 -9999 1 2 3
10 8 8 8 11 12 10 10 14 11 9 9 6 4 3 4 8 5 4 5 4 4 6 4 5 4 3 6 8 3 3 5 10 10 9 6 5 5 4 4 3 3 5 4 3 3 3 4 2 4 1 2 1 1 1 2 1 1 1 2 1 1 1 2 1 1 1 1 8 1 -9999 -9999 3 3 3 2 -9999 1 1 3 4 5
11 13 10 11 12 12 15 12 10 11 11 8 9 5 6 4 3 7 7 6 4 6 3 4 3 4 5 6 6 5 1 6 6 5 7 6 8 5 3 2 3 4 3 3 3 3 3 2 3 2 2 1 3 1 3 1 2 2 1 1 1 1 2 1 1 1 -9999 5 3 2 -9999 -9999 1 1 1 3 1 2 -9999 3 4 3
12 15 13 9 14 14 12 13 11 11 11 11 9 7 6 6 5 6 9 9 9 7 6 8 4 2 3 3 3 5 4 4 6 3 2 6 4 7 6 4 3 3 2 4 3 3 1 2 3 1 2 1 1 2 2 2 2 3 3 2 1 3 2 2 1 1 2 1 -9999 2 -9999 -9999 4 -9999 4 -9999 1 -9999 -9999 2 1 5
12 16 13 12 13 17 17 16 14 9 16 12 10 14 10 8 6 7 5 6 7 5 8 8 4 4 6 5 7 4 5 4 6 5 5 5 2 2 3 3 4 3 2 4 5 1 4 5 4 4 1 2 2 1 1 1 2 2 1 1 2 1 1 1 2 -9999 2 3 4 5 1 4 1 1 -9999 1 2 1 -9999 -9999 -9999 1
13 14 17 16 17 17 18 18 17 18 14 7 1 9 10 13 5 5 5 6 6 4 3 3 4 5 4 4 5 4 3 4 4 2 5 6 4 4 2 1 3 2 5 2 4 2 1 5 2 2 1 3 1 2 1 2 1 2 3 1 3 3 2 2 -9999 2 3 3 8 9 4 3 2 -9999 -9999 1 1 2 3 1 -9999 -9999
13 12 19 22 17 19 17 25 20 16 18 5 1 1 1 7 11 8 5 5 4 4 3 5 6 5 6 6 5 5 5 3 2 5 5 2 2 3 2 2 1 2 1 4 1 3 3 2 2 4 3 2 3 3 4 3 2 4 1 2 3 2 2 4 4 3 -9999 6 8 9 9 3 1 1 5 4 -9999 -9999 1 2 1 -9999
32 30 26 12 6 10 4 8 16 23 12 19 5 4 3 4 10 7 4 2 3 2 3 4 3 3 6 6 5 5 6 4 4 5 3 1 3 3 1 2 3 1 2 3 3 2 2 1 1 2 3 2 2 1 1 1 1 1 3 1 5 1 3 3 6 4 5 6 8 12 9 7 5 6 5 3 3 1 4 7 3 1
1 1 1 1 1 1 2 5 11 6 15 20 9 8 9 10 8 7 5 6 3 3 5 4 4 3 7 3 3 4 6 5 3 5 3 3 3 5 1 4 2 3 5 4 2 2 2 1 2 3 3 3 2 2 2 2 4 1 2 2 5 5 3 3 3 4 4 8 12 11 10 7 7 7 9 5 6 5 4 3 7 6
23 22 20 21 13 10 13 15 8 6 8 8 9 13 9 8 8 6 4 6 5 4 4 5 5 2 4 5 5 4 6 6 5 3 4 3 4 2 2 3 2 3 2 3 2 2 2 2 3 2 2 2 3 5 2 2 2 2 3 2 2 3 2 3 3 7 5 7 6 13 11 9 6 3 10 11 10 8 3 3 4 7
30 26 27 20 9 7 8 10 7 8 11 8 9 10 7 8 6 4 1 3 6 8 6 6 7 10 6 5 1 5 2 2 3 3 3 2 2 3 4 3 3 4 3 3 4 2 2 3 2 2 2 2 4 3 3 3 2 4 4 6 4 4 2 3 4 8 9 4 5 7 10 7 10 13 8 10 6 5 5 8 4 6
25 19 15 19 10 10 5 6 10 10 10 9 13 8 5 8 6 5 5 4 3 6 7 6 8 9 6 4 5 5 5 6 5 6 8 1 3 5 8 7 7 7 4 3 2 3 2 3 3 4 3 3 2 5 6 3 4 4 5 4 6 5 4 10 5 6 7 6 6 8 6 7 10 8 9 10 11 6 6 10 8 10
27 20 14 16 14 15 13 9 12 10 9 9 12 13 6 7 6 5 9 5 7 6 6 8 6 4 7 5 6 5 9 10 8 4 6 7 8 8 8 8 8 7 6 4 6 8 6 6 6 2 5 8 4 4 4 4 4 7 6 6 10 9 8 8 7 6 6 5 5 7 9 12 9 12 11 12 14 18 13 8 9 11
17 13 16 11 7 7 13 7 5 5 10 9 10 7 5 9 8 4 5 5 5 6 7 9 8 9 8 4 7 11 8 9 8 7 8 12 7 5 4 4 8 10 3 9 5 5 8 10 6 5 11 6 7 7 4 8 8 8 8 8 11 5 5 5 5 10 7 7 5 6 11 12 13 13 10 13 15 11 13 11 13 15
12 17 10 13 6 5 5 8 6 4 10 7 6 6 5 6 3 5 3 5 9 11 9 6 9 7 6 5 7 9 7 8 11 13 10 8 10 10 7 7 7 9 5 8 11 10 9 5 10 6 12 12 8 5 9 9 11 15 9 13 4 8 7 8 5 8 7 9 10 9 12 21 16 14 19 15 20 15 11 14 20 17
8 8 12 8 10 5 8 7 4 6 7 8 4 3 3 5 5 5 6 7 6 10 10 10 11 8 4 4 5 6 10 10 15 11 14 10 11 19 15 7 11 9 8 12 10 11 9 8 12 7 15 16 17 8 9 15 15 19 12 14 13 10 9 6 8 13 17 10 12 7 11 16 20 18 18 19 22 14 15 21 21 28
8 8 12 10 6 8 8 2 3 5 7 4 5 6 5 4 5 4 9 11 6 6 9 6 9 15 12 11 11 7 8 9 10 11 11 16 18 12 17 16 12 16 16 16 18 19 23 19 15 13 11 11 15 25 16 17 15 18 22 16 21 15 10 13 11 8 19 19 11 8 10 17 19 18 22 26 26 18 29 31 25 29
5 6 6 11 7 8 9 5 7 5 6 6 7 7 4 5 6 5 5 5 9 7 8 8 6 11 12 16 14 12 13 11 13 14 23 8 10 16 12 15 19 20 21 13 14 20 25 26 25 17 26 24 25 24 19 20 22 16 20 20 21 23 14 10 7 11 18 18 14 10 15 22 24 25 27 31 31 29 29 29 26 31
5 4 5 4 7 6 6 4 5 6 5 7 6 6 8 8 6 6 4 6 7 6 11 5 12 6 11 17 20 18 15 10 16 20 16 12 18 12 11 10 13 15 20 24 15 22 23 27 23 31 25 22 18 23 19 21 17 20 20 20 20 27 21 15 15 11 11 13 14 19 22 26 30 28 34 26 33 28 27 24 30 29
1 3 5 6 4 4 3 4 8 5 8 10 7 8 8 10 6 6 9 8 8 9 10 9 10 10 9 13 14 20 21 23 23 18 20 15 15 22 19 19 19 22 24 28 28 22 28 22 31 29 28 29 23 23 24 23 23 26 21 20 22 23 21 21 19 12 16 20 23 30 29 33 30 31 30 24 24 23 22 18 19 20
6 4 2 2 6 5 4 3 6 6 9 9 10 11 6 8 7 8 7 9 7 11 8 13 18 15 9 13 10 18 21 20 18 17 16 16 18 18 18 16 19 23 26 25 23 23 31 32 33 39 33 32 29 31 28 28 29 25 24 30 24 21 24 24 15 11 22 22 27 30 26 30 21 15 20 15 10 13 14 8 11 9
2 4 4 3 3 3 2 3 2 6 4 9 4 7 8 8 5 4 7 9 7 7 17 17 13 14 16 13 12 12 12 18 17 20 14 15 18 20 25 20 25 20 21 20 27 32 35 45 45 46 44 41 33 36 26 24 28 24 27 37 25 21 29 22 12 16 18 30 23 22 24 20 17 14 9 11 6 2 10 7 3 12
