niche_modeling/PAM_scripts/species_richness.asc
ncols         720
nrows         360
xllcorner     -180.000000000000
yllcorner     -90.000000000000
cellsize      0.5
NODATA_value  -9999
[rows 74 to 110 of 360, columns 164 to 245 of 720]
2 2 2 1 1 1 1 1 1 1 1 1 1 1 2 1 1 2 1 1 2 2 1 1 1 1 1 1 1 2 2 3 7 7 2 -9999 -9999 -9999 7 5 6 8 3 3 4 2 4 4 3 3 3 3 2 3 3 4 3 3 2 2 2 2 2 2 1 1 3 2 1 1 1 2 2 4 2 1 2 1 1 2 3 2
2 2 2 2 1 1 1 1 1 1 1 1 1 1 1 1 1 1 1 1 2 1 1 1 1 1 1 1 2 3 2 6 3 2 1 1 -9999 2 4 12 8 7 6 4 4 3 3 3 5 5 4 4 4 5 4 4 3 4 4 3 4 4 2 4 2 2 2 3 3 2 2 2 2 2 2 2 2 2 2 2 2 3
4 4 2 2 1 1 1 1 1 1 1 1 1 1 1 1 1 1 1 1 1 1 1 1 1 1 2 2 2 1 4 2 3 6 1 1 1 4 5 8 10 6 6 8 6 4 5 4 4 5 4 5 4 6 4 5 5 5 4 3 4 5 5 4 4 4 3 4 2 3 2 5 2 2 4 2 4 4 6 3 3 4
8 10 6 3 1 1 1 1 1 1 1 1 1 1 1 1 1 1 1 1 2 1 1 1 1 1 3 3 3 3 3 3 3 5 7 7 2 9 12 7 11 7 8 5 5 3 6 5 5 3 4 5 6 3 5 4 4 5 4 3 4 3 3 4 5 4 4 5 2 2 3 4 3 3 3 2 2 4 7 3 -9999 5
10 10 7 5 1 2 1 1 2 1 1 1 1 1 1 1 1 1 1 1 1 1 1 1 1 3 4 4 4 3 3 4 4 5 5 5 7 9 6 5 6 7 5 5 5 5 5 4 4 4 4 3 4 4 5 4 4 4 4 4 3 3 3 4 3 3 3 4 3 3 3 3 5 5 5 3 6 9 3 -9999 -9999 2
11 17 10 12 9 3 1 2 2 3 3 1 1 1 1 1 1 1 2 2 2 4 3 4 4 5 4 4 4 5 5 5 6 7 4 5 4 6 8 8 6 5 4 6 7 6 7 4 5 4 5 4 6 4 4 5 4 7 5 4 4 4 6 1 1 3 4 7 9 10 12 8 7 8 7 6 8 2 -9999 -9999 2 10
22 19 16 17 10 7 6 5 7 7 4 3 4 2 2 2 2 4 6 3 5 6 3 3 3 3 5 5 6 5 6 7 5 5 3 3 5 3 4 4 5 5 6 6 5 5 5 5 4 6 6 7 4 6 6 5 5 5 6 6 5 7 9 2 4 3 3 3 10 6 8 4 3 1 -9999 -9999 -9999 -9999 -9999 2 6 9
22 15 15 19 11 6 10 13 11 8 4 6 5 2 2 2 2 3 5 6 5 5 7 5 6 3 4 6 3 5 5 6 5 3 3 3 3 4 3 5 6 5 8 7 6 6 5 4 5 5 6 6 8 7 6 6 5 6 8 10 10 7 5 7 8 8 8 4 4 7 10 15 11 1 -9999 -9999 -9999 -9999 2 2 15 9
26 16 21 29 25 17 13 16 17 15 9 6 4 5 4 6 5 7 11 13 9 6 11 13 8 5 6 4 4 5 7 7 6 5 5 3 4 4 7 5 6 4 6 5 5 4 4 5 4 5 9 16 10 11 6 6 6 8 11 8 7 9 11 11 12 11 13 13 3 -9999 -9999 5 4 -9999 -9999 -9999 -9999 2 2 11 14 10
19 15 13 36 27 24 25 22 17 23 16 16 11 11 11 10 13 17 13 14 8 6 8 6 9 7 6 6 5 6 6 6 5 5 5 7 4 7 7 5 7 5 4 4 4 4 4 5 6 6 5 14 12 19 14 8 12 19 11 17 12 10 9 11 17 11 14 16 -9999 -9999 -9999 -9999 -9999 2 -9999 -9999 -9999 2 4 16 9 5
20 24 19 33 40 31 18 31 20 19 19 20 21 21 18 21 21 13 19 8 7 7 7 7 16 10 9 9 8 9 8 6 6 5 6 6 8 7 6 4 5 3 4 4 4 4 5 6 4 6 8 8 7 6 6 13 14 15 15 9 8 10 18 15 14 24 13 7 -9999 -9999 -9999 -9999 4 4 -9999 -9999 -9999 3 9 5 3 3
24 28 20 36 35 36 32 28 23 21 24 19 26 25 9 6 5 5 6 15 17 8 8 8 9 9 19 12 11 10 8 6 4 5 6 7 13 19 7 5 5 6 3 4 4 4 4 6 5 7 12 9 8 7 9 14 27 12 9 13 10 9 9 8 24 39 20 5 4 1 -9999 -9999 1 -9999 2 2 -9999 1 3 1 1 -9999
17 21 18 41 40 36 37 34 32 31 26 26 25 8 12 9 8 11 27 28 16 10 8 9 12 13 15 24 13 13 13 12 12 9 12 12 15 14 10 8 6 3 4 7 13 14 7 6 7 9 10 17 20 23 23 17 14 10 9 17 32 18 7 8 31 31 24 10 5 4 4 4 4 2 2 6 2 -9999 -9999 -9999 -9999 -9999
17 24 29 40 54 42 40 37 40 32 31 31 36 30 27 24 20 22 21 22 24 31 26 39 45 46 34 42 44 26 30 27 24 32 36 31 30 21 23 11 9 13 11 13 22 18 14 5 7 18 39 61 47 40 27 12 11 15 11 17 32 27 15 21 26 28 33 14 20 22 18 19 6 2 11 11 5 -9999 -9999 -9999 -9999 -9999
25 25 36 39 45 47 54 61 51 35 51 49 47 29 23 23 23 24 23 25 34 45 48 44 31 28 45 50 32 28 32 41 52 37 36 47 35 26 16 17 25 39 46 34 39 30 28 20 34 59 63 60 40 20 21 16 10 17 16 25 30 36 33 44 41 40 40 35 22 19 26 7 7 14 21 18 8 -9999 -9999 -9999 -9999 -9999
18 30 35 34 36 44 59 71 70 64 68 52 44 41 30 22 25 28 22 33 55 49 17 11 10 23 73 63 40 19 11 17 29 17 10 30 42 29 20 19 25 42 49 63 53 58 57 61 63 67 59 40 35 19 18 17 17 19 38 44 35 42 37 35 34 20 12 30 28 32 31 24 29 23 4 3 -9999 -9999 -9999 -9999 -9999 -9999
19 20 26 42 41 37 44 64 81 93 83 57 68 63 30 12 28 33 40 48 68 41 18 9 43 59 55 51 64 45 11 10 11 36 33 14 52 48 35 33 32 39 50 61 61 65 70 53 46 63 60 42 23 16 13 18 39 56 67 55 46 54 23 8 6 17 40 38 37 38 18 15 6 2 1 -9999 -9999 -9999 -9999 -9999 -9999 -9999
22 20 22 27 36 43 50 56 57 58 56 63 74 61 53 43 46 51 73 77 72 44 8 27 72 56 45 52 52 45 11 10 10 49 67 53 61 57 65 60 68 71 74 72 72 62 39 23 33 67 52 39 37 24 33 58 79 79 52 44 24 7 2 3 18 25 32 26 9 5 1 -9999 -9999 -9999 -9999 -9999 -9999 -9999 -9999 -9999 -9999 -9999
24 14 11 22 29 38 45 43 41 34 28 51 59 66 55 56 61 64 62 58 73 16 9 50 61 53 61 73 57 32 50 12 24 72 56 42 70 83 67 52 44 53 37 36 64 46 23 22 29 77 43 45 43 40 69 71 51 32 5 1 -9999 -9999 -9999 2 23 26 16 2 -9999 -9999 -9999 -9999 -9999 -9999 -9999 -9999 -9999 -9999 -9999 -9999 -9999 -9999
23 18 19 22 20 30 42 47 52 42 33 29 42 55 48 47 63 75 46 79 83 9 9 49 76 68 69 76 67 68 74 27 33 63 50 65 71 31 27 42 43 28 31 63 64 45 31 30 60 80 52 65 62 74 78 47 2 -9999 -9999 -9999 -9999 -9999 -9999 -9999 1 5 1 -9999 -9999 -9999 -9999 -9999 -9999 -9999 -9999 -9999 -9999 -9999 -9999 -9999 -9999 -9999
24 28 26 16 17 23 51 71 78 59 53 47 38 43 63 54 66 63 60 87 67 10 9 28 83 88 77 73 73 91 88 73 78 76 72 77 67 65 89 86 97 95 106 95 66 54 66 70 102 85 53 69 68 98 87 11 4 1 -9999 -9999 -9999 -9999 -9999 -9999 -9999 -9999 -9999 -9999 -9999 -9999 -9999 -9999 -9999 -9999 -9999 -9999 -9999 -9999 -9999 -9999 -9999 -9999
25 17 21 31 17 12 42 60 72 57 44 58 56 57 61 64 64 53 65 90 74 7 9 27 87 100 84 83 92 107 84 80 70 24 15 20 22 41 60 36 55 57 82 66 56 50 32 45 101 71 71 92 84 119 64 9 7 2 -9999 -9999 -9999 -9999 -9999 -9999 -9999 -9999 -9999 -9999 -9999 -9999 -9999 -9999 -9999 -9999 -9999 -9999 -9999 -9999 -9999 -9999 -9999 -9999
19 16 8 19 27 16 15 41 48 44 35 45 63 70 52 58 47 67 59 83 105 22 20 98 100 100 97 89 91 75 53 32 8 12 40 61 71 49 37 35 33 58 68 73 72 45 46 63 112 91 104 108 100 117 92 31 13 1 -9999 -9999 -9999 -9999 -9999 -9999 -9999 -9999 -9999 -9999 -9999 -9999 -9999 -9999 -9999 -9999 -9999 -9999 -9999 -9999 -9999 -9999 -9999 -9999
19 16 11 14 31 9 15 35 40 44 42 39 41 51 52 49 54 63 55 78 87 111 105 96 102 95 83 77 89 87 60 49 59 91 82 73 59 47 37 43 51 60 61 68 90 57 83 115 120 121 109 97 94 54 28 23 8 -9999 -9999 -9999 -9999 -9999 -9999 -9999 -9999 -9999 -9999 -9999 -9999 -9999 -9999 -9999 -9999 -9999 -9999 -9999 -9999 -9999 -9999 -9999 -9999 -9999
9 8 22 15 34 14 21 24 32 19 41 41 31 31 43 15 23 49 46 52 83 93 90 95 94 85 68 61 74 70 73 80 88 81 74 83 67 75 56 56 78 82 104 101 87 97 118 133 125 80 61 25 1 -9999 -9999 1 1 -9999 -9999 -9999 -9999 -9999 -9999 -9999 -9999 -9999 -9999 -9999 -9999 -9999 -9999 -9999 -9999 -9999 -9999 -9999 -9999 -9999 -9999 -9999 -9999 -9999
3 9 17 18 23 22 23 42 38 38 52 34 38 45 22 30 72 34 26 38 47 67 75 77 69 68 65 63 66 65 74 79 87 74 73 80 84 79 54 72 95 104 114 104 123 129 145 133 43 10 1 -9999 -9999 -9999 -9999 -9999 -9999 -9999 -9999 -9999 -9999 -9999 -9999 -9999 -9999 -9999 -9999 -9999 -9999 -9999 -9999 -9999 -9999 -9999 -9999 -9999 -9999 -9999 -9999 -9999 -9999 -9999
23 29 31 28 35 45 46 33 46 38 45 40 41 38 41 63 32 27 28 29 43 62 54 65 68 79 67 75 71 74 75 74 77 69 67 65 75 56 53 91 86 102 109 117 127 136 121 102 20 -9999 -9999 -9999 -9999 -9999 -9999 -9999 -9999 -9999 -9999 -9999 -9999 -9999 -9999 -9999 -9999 -9999 -9999 -9999 -9999 -9999 -9999 -9999 -9999 -9999 -9999 -9999 -9999 -9999 -9999 -9999 -9999 -9999
35 35 41 49 57 57 62 48 53 45 38 38 29 51 65 36 15 19 18 31 39 64 53 60 55 50 66 74 48 67 82 70 75 75 63 64 63 45 84 91 95 112 124 108 93 98 97 46 -9999 -9999 -9999 -9999 -9999 -9999 -9999 -9999 -9999 -9999 -9999 -9999 -9999 -9999 -9999 -9999 -9999 -9999 -9999 -9999 -9999 -9999 -9999 -9999 -9999 -9999 -9999 -9999 -9999 -9999 -9999 -9999 -9999 -9999
42 44 50 52 66 72 70 78 60 54 54 67 37 52 67 63 21 25 23 41 51 55 60 52 34 34 56 63 48 68 82 80 75 66 66 60 49 50 68 84 103 128 132 55 83 74 26 -9999 -9999 -9999 -9999 -9999 -9999 -9999 -9999 -9999 -9999 -9999 -9999 -9999 -9999 -9999 -9999 -9999 -9999 -9999 -9999 -9999 -9999 -9999 -9999 -9999 -9999 -9999 -9999 -9999 -9999 -9999 -9999 -9999 -9999 -9999
37 40 47 51 63 67 76 66 74 89 78 92 85 74 84 91 29 23 22 27 36 44 54 57 42 42 45 40 52 58 67 77 70 64 55 46 49 66 68 78 102 101 83 59 57 68 15 -9999 -9999 -9999 -9999 -9999 -9999 -9999 -9999 -9999 -9999 -9999 -9999 -9999 -9999 -9999 -9999 -9999 -9999 -9999 -9999 -9999 -9999 -9999 -9999 -9999 -9999 -9999 -9999 -9999 -9999 -9999 -9999 -9999 -9999 -9999
42 46 49 59 71 66 73 83 84 88 88 86 69 60 67 74 52 28 19 33 32 26 34 47 44 42 40 38 52 57 64 67 49 52 52 51 63 66 81 98 88 98 80 40 25 25 -9999 -9999 -9999 -9999 -9999 -9999 -9999 -9999 -9999 -9999 -9999 -9999 -9999 -9999 -9999 -9999 -9999 -9999 -9999 -9999 -9999 -9999 -9999 -9999 -9999 -9999 -9999 -9999 -9999 -9999 -9999 -9999 -9999 -9999 -9999 -9999
38 36 51 66 74 71 77 77 77 75 59 58 54 62 58 59 35 39 29 42 30 29 24 36 33 49 39 42 54 62 56 56 39 40 54 55 65 76 76 84 92 93 81 49 28 6 -9999 -9999 -9999 -9999 -9999 -9999 -9999 -9999 -9999 -9999 -9999 -9999 -9999 -9999 -9999 -9999 -9999 -9999 -9999 -9999 -9999 -9999 -9999 -9999 -9999 -9999 -9999 -9999 -9999 -9999 -9999 -9999 -9999 -9999 -9999 -9999
32 33 60 65 77 72 69 76 62 68 69 64 49 57 64 45 31 40 22 28 40 21 25 20 24 41 56 50 48 47 50 38 46 56 70 65 68 79 79 71 91 81 67 50 29 4 -9999 -9999 -9999 -9999 -9999 -9999 -9999 -9999 -9999 -9999 -9999 -9999 -9999 -9999 -9999 -9999 -9999 -9999 -9999 -9999 -9999 -9999 -9999 -9999 -9999 -9999 -9999 -9999 -9999 -9999 -9999 -9999 -9999 -9999 -9999 -9999
31 39 62 71 72 66 73 59 70 66 87 82 58 60 52 28 36 34 9 16 52 35 32 35 37 52 60 44 53 66 54 52 71 72 63 69 76 79 65 79 92 66 67 60 26 9 1 -9999 -9999 -9999 -9999 -9999 -9999 -9999 -9999 -9999 -9999 -9999 -9999 -9999 -9999 -9999 -9999 -9999 -9999 -9999 -9999 -9999 -9999 -9999 -9999 -9999 -9999 -9999 -9999 -9999 -9999 -9999 -9999 -9999 -9999 -9999
34 45 53 60 70 67 63 52 50 56 53 66 68 57 26 35 37 21 9 21 46 33 39 34 52 55 50 75 53 68 56 78 83 72 69 68 69 65 88 87 69 60 55 42 24 8 1 -9999 -9999 -9999 -9999 -9999 -9999 -9999 -9999 -9999 -9999 -9999 -9999 -9999 -9999 -9999 -9999 -9999 -9999 -9999 -9999 -9999 -9999 -9999 -9999 -9999 -9999 -9999 -9999 -9999 -9999 -9999 -9999 -9999 -9999 -9999
43 52 49 61 62 55 61 58 62 66 52 54 51 31 19 23 32 13 18 20 48 32 36 41 37 66 69 66 67 76 91 84 90 77 84 75 81 84 79 68 59 53 51 44 25 2 -9999 -9999 -9999 -9999 -9999 -9999 -9999 -9999 -9999 -9999 -9999 -9999 -9999 -9999 -9999 -9999 -9999 -9999 -9999 -9999 -9999 -9999 -9999 -9999 -9999 -9999 -9999 -9999 -9999 -9999 -9999 -9999 -9999 -9999 -9999 -9999
43 54 52 53 56 58 58 51 39 47 51 49 34 26 14 31 24 16 21 29 44 38 42 45 65 62 68 76 89 101 96 83 75 73 95 96 96 85 70 65 71 77 61 30 1 -9999 -9999 -9999 -9999 -9999 -9999 -9999 -9999 -9999 -9999 -9999 -9999 -9999 -9999 -9999 -9999 -9999 -9999 -9999 -9999 -9999 -9999 -9999 -9999 -9999 -9999 -9999 -9999 -9999 -9999 -9999 -9999 -9999 -9999 -9999 -9999 -9999
